[3, 4, 5]
[5, 12, 13]
[6, 8, 10]
[7, 24, 25]
[8, 15, 17]
[9, 12, 15]
[9, 40, 41]
[10, 24, 26]
[11, 60, 61]
[12, 16, 20]
[12, 35, 37]
[13, 84, 85]
[14, 48, 50]
[15, 20, 25]
[15, 36, 39]
[15, 112, 113]
[16, 30, 34]
[16, 63, 65]
[17, 144, 145]
[18, 24, 30]
[18, 80, 82]
[19, 180, 181]
[20, 21, 29]
[20, 48, 52]
[20, 99, 101]
[21, 28, 35]
[21, 72, 75]
[21, 220, 221]
[22, 120, 122]
[23, 264, 265]
[24, 32, 40]
[24, 45, 51]
[24, 70, 74]
[24, 143, 145]
[25, 60, 65]
[25, 312, 313]
[26, 168, 170]
[27, 36, 45]
[27, 120, 123]
[27, 364, 365]
[28, 45, 53]
[28, 96, 100]
[28, 195, 197]
[29, 420, 421]
[30, 40, 50]
[30, 72, 78]
[30, 224, 226]
[31, 480, 481]
[32, 60, 68]
[32, 126, 130]
[32, 255, 257]
[33, 44, 55]
[33, 56, 65]
[33, 180, 183]
[34, 288, 290]
[35, 84, 91]
[35, 120, 125]
[36, 48, 60]
[36, 77, 85]
[36, 105, 111]
[36, 160, 164]
[36, 323, 325]
[38, 360, 362]
[39, 52, 65]
[39, 80, 89]
[39, 252, 255]
[40, 42, 58]
[40, 75, 85]
[40, 96, 104]
[40, 198, 202]
[40, 399, 401]
[42, 56, 70]
[42, 144, 150]
[42, 440, 442]
[44, 117, 125]
[44, 240, 244]
[45, 60, 75]
[45, 108, 117]
[45, 200, 205]
[45, 336, 339]
[48, 55, 73]
[48, 64, 80]
[48, 90, 102]
[48, 140, 148]
[48, 189, 195]
[48, 286, 290]
[49, 168, 175]
[50, 120, 130]
[51, 68, 85]
[51, 140, 149]
[51, 432, 435]
[52, 165, 173]
[52, 336, 340]
[54, 72, 90]
[54, 240, 246]
[55, 132, 143]
[55, 300, 305]
[56, 90, 106]
[56, 105, 119]
[56, 192, 200]
[56, 390, 394]
[57, 76, 95]
[57, 176, 185]
[60, 63, 87]
[60, 80, 100]
[60, 91, 109]
[60, 144, 156]
[60, 175, 185]
[60, 221, 229]
[60, 297, 303]
[60, 448, 452]
[63, 84, 105]
[63, 216, 225]
[63, 280, 287]
[64, 120, 136]
[64, 252, 260]
[65, 72, 97]
[65, 156, 169]
[65, 420, 425]
[66, 88, 110]
[66, 112, 130]
[66, 360, 366]
[68, 285, 293]
[69, 92, 115]
[69, 260, 269]
[70, 168, 182]
[70, 240, 250]
[72, 96, 120]
[72, 135, 153]
[72, 154, 170]
[72, 210, 222]
[72, 320, 328]
[72, 429, 435]
[75, 100, 125]
[75, 180, 195]
[75, 308, 317]
[76, 357, 365]
[77, 264, 275]
[77, 420, 427]
[78, 104, 130]
[78, 160, 178]
[80, 84, 116]
[80, 150, 170]
[80, 192, 208]
[80, 315, 325]
[80, 396, 404]
[81, 108, 135]
[81, 360, 369]
[84, 112, 140]
[84, 135, 159]
[84, 187, 205]
[84, 245, 259]
[84, 288, 300]
[84, 437, 445]
[85, 132, 157]
[85, 204, 221]
[87, 116, 145]
[87, 416, 425]
[88, 105, 137]
[88, 165, 187]
[88, 234, 250]
[90, 120, 150]
[90, 216, 234]
[90, 400, 410]
[91, 312, 325]
[93, 124, 155]
[95, 168, 193]
[95, 228, 247]
[96, 110, 146]
[96, 128, 160]
[96, 180, 204]
[96, 247, 265]
[96, 280, 296]
[96, 378, 390]
[98, 336, 350]
[99, 132, 165]
[99, 168, 195]
[99, 440, 451]
[100, 105, 145]
[100, 240, 260]
[102, 136, 170]
[102, 280, 298]
[104, 153, 185]
[104, 195, 221]
[104, 330, 346]
[105, 140, 175]
[105, 208, 233]
[105, 252, 273]
[105, 360, 375]
[108, 144, 180]
[108, 231, 255]
[108, 315, 333]
[110, 264, 286]
[111, 148, 185]
[112, 180, 212]
[112, 210, 238]
[112, 384, 400]
[114, 152, 190]
[114, 352, 370]
[115, 252, 277]
[115, 276, 299]
[117, 156, 195]
[117, 240, 267]
[119, 120, 169]
[119, 408, 425]
[120, 126, 174]
[120, 160, 200]
[120, 182, 218]
[120, 209, 241]
[120, 225, 255]
[120, 288, 312]
[120, 350, 370]
[120, 391, 409]
[123, 164, 205]
[125, 300, 325]
[126, 168, 210]
[128, 240, 272]
[129, 172, 215]
[130, 144, 194]
[130, 312, 338]
[132, 176, 220]
[132, 224, 260]
[132, 351, 375]
[132, 385, 407]
[133, 156, 205]
[135, 180, 225]
[135, 324, 351]
[135, 352, 377]
[136, 255, 289]
[136, 273, 305]
[138, 184, 230]
[140, 147, 203]
[140, 171, 221]
[140, 225, 265]
[140, 336, 364]
[141, 188, 235]
[144, 165, 219]
[144, 192, 240]
[144, 270, 306]
[144, 308, 340]
[145, 348, 377]
[145, 408, 433]
[147, 196, 245]
[150, 200, 250]
[150, 360, 390]
[152, 285, 323]
[152, 345, 377]
[153, 204, 255]
[155, 372, 403]
[156, 208, 260]
[156, 320, 356]
[159, 212, 265]
[160, 168, 232]
[160, 231, 281]
[160, 300, 340]
[160, 384, 416]
[161, 240, 289]
[162, 216, 270]
[165, 220, 275]
[165, 280, 325]
[165, 396, 429]
[168, 224, 280]
[168, 270, 318]
[168, 315, 357]
[168, 374, 410]
[170, 264, 314]
[171, 228, 285]
[174, 232, 290]
[175, 288, 337]
[176, 210, 274]
[176, 330, 374]
[177, 236, 295]
[180, 189, 261]
[180, 240, 300]
[180, 273, 327]
[180, 299, 349]
[180, 385, 425]
[183, 244, 305]
[184, 345, 391]
[186, 248, 310]
[189, 252, 315]
[189, 340, 389]
[190, 336, 386]
[192, 220, 292]
[192, 256, 320]
[192, 360, 408]
[195, 216, 291]
[195, 260, 325]
[196, 315, 371]
[198, 264, 330]
[198, 336, 390]
[200, 210, 290]
[201, 268, 335]
[204, 253, 325]
[204, 272, 340]
[207, 224, 305]
[207, 276, 345]
[208, 306, 370]
[210, 280, 350]
[213, 284, 355]
[216, 288, 360]
[219, 292, 365]
[220, 231, 319]
[222, 296, 370]
[225, 272, 353]
[225, 300, 375]
[228, 304, 380]
[228, 325, 397]
[231, 308, 385]
[234, 312, 390]
[237, 316, 395]
[238, 240, 338]
[240, 252, 348]
[240, 275, 365]
[240, 320, 400]
[243, 324, 405]
[246, 328, 410]
[249, 332, 415]
[252, 275, 373]
[260, 273, 377]
[260, 288, 388]
[264, 315, 411]
[266, 312, 410]
[280, 294, 406]
8 840
[[3, 4, 5], [5, 12, 13], [6, 8, 10], [7, 24, 25], [8, 15, 17], [9, 12, 15], [9, 40, 41], [10, 24, 26], [11, 60, 61], [12, 16, 20], [12, 35, 37], [13, 84, 85], [14, 48, 50], [15, 20, 25], [15, 36, 39], [15, 112, 113], [16, 30, 34], [16, 63, 65], [17, 144, 145], [18, 24, 30], [18, 80, 82], [19, 180, 181], [20, 21, 29], [20, 48, 52], [20, 99, 101], [21, 28, 35], [21, 72, 75], [21, 220, 221], [22, 120, 122], [23, 264, 265], [24, 32, 40], [24, 45, 51], [24, 70, 74], [24, 143, 145], [25, 60, 65], [25, 312, 313], [26, 168, 170], [27, 36, 45], [27, 120, 123], [27, 364, 365], [28, 45, 53], [28, 96, 100], [28, 195, 197], [29, 420, 421], [30, 40, 50], [30, 72, 78], [30, 224, 226], [31, 480, 481], [32, 60, 68], [32, 126, 130], [32, 255, 257], [33, 44, 55], [33, 56, 65], [33, 180, 183], [34, 288, 290], [35, 84, 91], [35, 120, 125], [36, 48, 60], [36, 77, 85], [36, 105, 111], [36, 160, 164], [36, 323, 325], [38, 360, 362], [39, 52, 65], [39, 80, 89], [39, 252, 255], [40, 42, 58], [40, 75, 85], [40, 96, 104], [40, 198, 202], [40, 399, 401], [42, 56, 70], [42, 144, 150], [42, 440, 442], [44, 117, 125], [44, 240, 244], [45, 60, 75], [45, 108, 117], [45, 200, 205], [45, 336, 339], [48, 55, 73], [48, 64, 80], [48, 90, 102], [48, 140, 148], [48, 189, 195], [48, 286, 290], [49, 168, 175], [50, 120, 130], [51, 68, 85], [51, 140, 149], [51, 432, 435], [52, 165, 173], [52, 336, 340], [54, 72, 90], [54, 240, 246], [55, 132, 143], [55, 300, 305], [56, 90, 106], [56, 105, 119], [56, 192, 200], [56, 390, 394], [57, 76, 95], [57, 176, 185], [60, 63, 87], [60, 80, 100], [60, 91, 109], [60, 144, 156], [60, 175, 185], [60, 221, 229], [60, 297, 303], [60, 448, 452], [63, 84, 105], [63, 216, 225], [63, 280, 287], [64, 120, 136], [64, 252, 260], [65, 72, 97], [65, 156, 169], [65, 420, 425], [66, 88, 110], [66, 112, 130], [66, 360, 366], [68, 285, 293], [69, 92, 115], [69, 260, 269], [70, 168, 182], [70, 240, 250], [72, 96, 120], [72, 135, 153], [72, 154, 170], [72, 210, 222], [72, 320, 328], [72, 429, 435], [75, 100, 125], [75, 180, 195], [75, 308, 317], [76, 357, 365], [77, 264, 275], [77, 420, 427], [78, 104, 130], [78, 160, 178], [80, 84, 116], [80, 150, 170], [80, 192, 208], [80, 315, 325], [80, 396, 404], [81, 108, 135], [81, 360, 369], [84, 112, 140], [84, 135, 159], [84, 187, 205], [84, 245, 259], [84, 288, 300], [84, 437, 445], [85, 132, 157], [85, 204, 221], [87, 116, 145], [87, 416, 425], [88, 105, 137], [88, 165, 187], [88, 234, 250], [90, 120, 150], [90, 216, 234], [90, 400, 410], [91, 312, 325], [93, 124, 155], [95, 168, 193], [95, 228, 247], [96, 110, 146], [96, 128, 160], [96, 180, 204], [96, 247, 265], [96, 280, 296], [96, 378, 390], [98, 336, 350], [99, 132, 165], [99, 168, 195], [99, 440, 451], [100, 105, 145], [100, 240, 260], [102, 136, 170], [102, 280, 298], [104, 153, 185], [104, 195, 221], [104, 330, 346], [105, 140, 175], [105, 208, 233], [105, 252, 273], [105, 360, 375], [108, 144, 180], [108, 231, 255], [108, 315, 333], [110, 264, 286], [111, 148, 185], [112, 180, 212], [112, 210, 238], [112, 384, 400], [114, 152, 190], [114, 352, 370], [115, 252, 277], [115, 276, 299], [117, 156, 195], [117, 240, 267], [119, 120, 169], [119, 408, 425], [120, 126, 174], [120, 160, 200], [120, 182, 218], [120, 209, 241], [120, 225, 255], [120, 288, 312], [120, 350, 370], [120, 391, 409], [123, 164, 205], [125, 300, 325], [126, 168, 210], [128, 240, 272], [129, 172, 215], [130, 144, 194], [130, 312, 338], [132, 176, 220], [132, 224, 260], [132, 351, 375], [132, 385, 407], [133, 156, 205], [135, 180, 225], [135, 324, 351], [135, 352, 377], [136, 255, 289], [136, 273, 305], [138, 184, 230], [140, 147, 203], [140, 171, 221], [140, 225, 265], [140, 336, 364], [141, 188, 235], [144, 165, 219], [144, 192, 240], [144, 270, 306], [144, 308, 340], [145, 348, 377], [145, 408, 433], [147, 196, 245], [150, 200, 250], [150, 360, 390], [152, 285, 323], [152, 345, 377], [153, 204, 255], [155, 372, 403], [156, 208, 260], [156, 320, 356], [159, 212, 265], [160, 168, 232], [160, 231, 281], [160, 300, 340], [160, 384, 416], [161, 240, 289], [162, 216, 270], [165, 220, 275], [165, 280, 325], [165, 396, 429], [168, 224, 280], [168, 270, 318], [168, 315, 357], [168, 374, 410], [170, 264, 314], [171, 228, 285], [174, 232, 290], [175, 288, 337], [176, 210, 274], [176, 330, 374], [177, 236, 295], [180, 189, 261], [180, 240, 300], [180, 273, 327], [180, 299, 349], [180, 385, 425], [183, 244, 305], [184, 345, 391], [186, 248, 310], [189, 252, 315], [189, 340, 389], [190, 336, 386], [192, 220, 292], [192, 256, 320], [192, 360, 408], [195, 216, 291], [195, 260, 325], [196, 315, 371], [198, 264, 330], [198, 336, 390], [200, 210, 290], [201, 268, 335], [204, 253, 325], [204, 272, 340], [207, 224, 305], [207, 276, 345], [208, 306, 370], [210, 280, 350], [213, 284, 355], [216, 288, 360], [219, 292, 365], [220, 231, 319], [222, 296, 370], [225, 272, 353], [225, 300, 375], [228, 304, 380], [228, 325, 397], [231, 308, 385], [234, 312, 390], [237, 316, 395], [238, 240, 338], [240, 252, 348], [240, 275, 365], [240, 320, 400], [243, 324, 405], [246, 328, 410], [249, 332, 415], [252, 275, 373], [260, 273, 377], [260, 288, 388], [264, 315, 411], [266, 312, 410], [280, 294, 406]]
[12, 30, 24, 56, 40, 36, 90, 60, 132, 48, 84, 182, 112, 60, 90, 240, 80, 144, 306, 72, 180, 380, 70, 120, 220, 84, 168, 462, 264, 552, 96, 120, 168, 312, 150, 650, 364, 108, 270, 756, 126, 224, 420, 870, 120, 180, 480, 992, 160, 288, 544, 132, 154, 396, 612, 210, 280, 144, 198, 252, 360, 684, 760, 156, 208, 546, 140, 200, 240, 440, 840, 168, 336, 924, 286, 528, 180, 270, 450, 720, 176, 192, 240, 336, 432, 624, 392, 300, 204, 340, 918, 390, 728, 216, 540, 330, 660, 252, 280, 448, 840, 228, 418, 210, 240, 260, 360, 420, 510, 660, 960, 252, 504, 630, 320, 576, 234, 390, 910, 264, 308, 792, 646, 276, 598, 420, 560, 288, 360, 396, 504, 720, 936, 300, 450, 700, 798, 616, 924, 312, 416, 280, 400, 480, 720, 880, 324, 810, 336, 378, 476, 588, 672, 966, 374, 510, 348, 928, 330, 440, 572, 360, 540, 900, 728, 372, 456, 570, 352, 384, 480, 608, 672, 864, 784, 396, 462, 990, 350, 600, 408, 680, 442, 520, 780, 420, 546, 630, 840, 432, 594, 756, 660, 444, 504, 560, 896, 456, 836, 644, 690, 468, 624, 408, 952, 420, 480, 520, 570, 600, 720, 840, 920, 492, 750, 504, 640, 516, 468, 780, 528, 616, 858, 924, 494, 540, 810, 864, 680, 714, 552, 490, 532, 630, 840, 564, 528, 576, 720, 792, 870, 986, 588, 600, 900, 760, 874, 612, 930, 624, 832, 636, 560, 672, 800, 960, 690, 648, 660, 770, 990, 672, 756, 840, 952, 748, 684, 696, 800, 660, 880, 708, 630, 720, 780, 828, 990, 732, 920, 744, 756, 918, 912, 704, 768, 960, 702, 780, 882, 792, 924, 700, 804, 782, 816, 736, 828, 884, 840, 852, 864, 876, 770, 888, 850, 900, 912, 950, 924, 936, 948, 816, 840, 880, 960, 972, 984, 996, 900, 910, 936, 990, 988, 980]
{516: 1, 520: 2, 12: 1, 528: 3, 532: 1, 24: 1, 540: 3, 30: 1, 544: 1, 546: 2, 36: 1, 40: 1, 48: 1, 564: 1, 56: 1, 570: 2, 60: 2, 576: 2, 608: 1, 70: 1, 72: 1, 588: 2, 80: 1, 952: 2, 594: 1, 84: 2, 782: 1, 598: 1, 600: 3, 90: 2, 736: 1, 96: 1, 612: 2, 616: 2, 108: 1, 624: 3, 630: 4, 120: 3, 636: 1, 126: 1, 640: 1, 960: 4, 132: 2, 646: 1, 648: 1, 876: 1, 650: 1, 140: 1, 144: 2, 792: 3, 660: 5, 150: 1, 154: 1, 156: 1, 160: 1, 112: 1, 168: 3, 684: 2, 176: 1, 690: 2, 180: 3, 798: 1, 182: 1, 696: 1, 884: 1, 700: 2, 702: 1, 192: 1, 800: 2, 708: 1, 198: 1, 200: 1, 714: 1, 204: 1, 208: 1, 210: 2, 216: 1, 220: 1, 224: 1, 720: 6, 928: 1, 228: 1, 744: 1, 234: 1, 748: 1, 750: 1, 240: 4, 552: 2, 756: 4, 760: 2, 980: 1, 252: 3, 768: 1, 896: 1, 770: 2, 260: 1, 264: 2, 912: 2, 780: 4, 704: 1, 270: 2, 784: 1, 728: 2, 276: 1, 280: 3, 644: 1, 286: 1, 288: 2, 560: 3, 804: 1, 732: 1, 810: 2, 300: 2, 816: 2, 306: 1, 308: 1, 312: 2, 828: 2, 320: 1, 992: 1, 324: 1, 840: 8, 330: 2, 336: 3, 850: 1, 340: 1, 858: 1, 348: 1, 350: 1, 352: 1, 864: 3, 870: 2, 360: 4, 572: 1, 874: 1, 364: 1, 880: 3, 882: 1, 372: 1, 374: 1, 888: 1, 378: 1, 380: 1, 384: 1, 832: 1, 900: 4, 390: 2, 392: 1, 396: 3, 910: 2, 400: 1, 920: 2, 918: 2, 408: 2, 836: 1, 924: 5, 988: 1, 416: 1, 418: 1, 420: 5, 936: 3, 432: 2, 948: 1, 950: 1, 440: 2, 442: 1, 444: 1, 448: 1, 672: 4, 450: 2, 966: 1, 456: 2, 972: 1, 930: 1, 462: 2, 468: 2, 984: 1, 986: 1, 476: 1, 990: 4, 480: 4, 996: 1, 490: 1, 492: 1, 494: 1, 680: 2, 504: 4, 852: 1, 510: 2}
