2
1|5|ans
3|17|ans
5|41|ans
11|197|ans
13|281|ans
59|7699|ans
63|8893|ans
95|22039|ans
99|24133|ans
101|25237|ans
107|28697|ans
113|32353|ans
121|37561|ans
123|38921|ans
129|43201|ans
131|44683|ans
145|55837|ans
151|61027|ans
157|66463|ans
161|70241|ans
177|86453|ans
191|102001|ans
197|109147|ans
203|116533|ans
205|119069|ans
207|121631|ans
213|129419|ans
215|132059|ans
295|263171|ans
307|287137|ans
325|325019|ans
327|329401|ans
329|333821|ans
331|338279|ans
333|342761|ans
341|360979|ans
349|379667|ans
355|393961|ans
357|398771|ans
425|581921|ans
445|642869|ans
457|681257|ans
459|687767|ans
463|700897|ans
479|754573|ans
483|768373|ans
487|782263|ans
511|868151|ans
529|935507|ans
535|958577|ans
3
5
536|970219|ans
538|978037|ans
7
542|997651|ans
11
13
17
19
23
29
31
37
41
43
47
53
59
61
67
71
73
79
83
89
97
101
103
107
109
113
127
131
137
139
149
151
157
163
167
173
179
181
191
193
197
199
211
223
227
229
233
239
241
251
257
263
269
271
277
281
283
293
307
311
313
317
331
337
347
349
353
359
367
373
379
383
389
397
401
409
419
421
431
433
439
443
